152
235
439
474
637
651
693
926
962
999
1032
1072
1193
1240
1261
1304
1308
1326
1512
1528
1534
1548
1552
1728
1737
1848
1947
2032
2162
2223
2397
2530
2546
2784
2824
2833
2836
2841
2992
3130
3171
3289
3353
3388
3410
3573
3645
3878
3889
3951
4039
4058
4133
4149
4169
4336
4498
4522
4583
4823
4836
4856
5134
5168
5273
5304
5573
5582
5642
5840
5852
5874
5913
5991
6013
6039
6098
6185
6189
6373
6462
6650
6689
6801
6881
7008
7050
7101
7438
7578
7743
7754
7846
7855
7874
8089
8121
8125
8189
8223
8253
8284
8418
8423
8426
8611
8628
8636
8727
8757
9196
9436
9571
9604
9756
9822
9923
9979
10002
10044
10242
10345
10428
10457
10525
10561
10563
10588
10821
10859
10902
10920
11035
11092
11095
11322
11360
11388
11691
11706
11869
12002
12106
12113
12170
12173
12339
12593
12700
12755
12804
12856
12861
12865
12923
12991
13019
13042
13065
13122
13135
13269
13283
13421
13483
13539
13655
13664
13689
13751
13760
13850
13903
13966
13971
14029
14079
14107
14325
14395
14497
14649
14670
14769
14805
14820
14932
15116
15139
15149
15208
15243
15462
15521
15755
15832
16024
16055
16071
16080
16092
16158
16189
16235
16295
16318
16330
16417
16712
16736
16738
17121
17364
17385
17420
17489
17507
17599
17687
17803
17876
17898
18015
18169
18456
18458
18638
18685
18717
18721
18796
18866
18872
18955
19040
19072
19128
19171
19186
19296
19305
19352
19354
19461
19527
19644
19701
19989
19991
19999
20072
20108
20214
20314
20324
20380
20526
20540
20709
20786
20850
20895
21005
21019
21128
21150
21199
21244
21357
21375
21425
21471
21729
21757
21925
21986
22141
22189
22315
22357
22363
22549
22593
22686
22748
22772
22791
22846
22850
22995
23035
23040
23465
23517
23578
23869
24050
24081
24157
24353
24429
24610
24770
24773
24780
24838
24861
24902
24964
25015
25092
25280
25358
25386
25433
25541
25612
25623
25631
25736
25743
25756
25814
25825
25871
26081
26114
26146
26164
26205
26215
26246
26312
26335
26374
26474
26623
26678
26737
26754
26805
26883
27043
27110
27152
27304
27344
27407
27434
27488
27709
27735
27767
27816
27825
27855
27892
27989
28006
28088
28122
28153
28245
28286
28318
28351
28371
28399
28454
28581
28617
28636
28742
28825
28921
29086
29203
29233
29359
29399
29442
29476
29507
29578
29692
29801
29969
30037
30047
30270
30699
30706
30766
30814
30863
30900
30918
31000
31071
31894
31896
32036
32190
32214
32254
32261
32312
32347
32521
32570
32582
32588
32604
32686
32704
32882
32921
32950
33031
33045
33102
33123
33163
33247
33260
33266
33568
33610
33706
33793
33871
34013
34057
34099
34143
34166
34276
34427
34494
34501
34591
34627
34725
34828
34846
34923
35028
35166
35259
35284
35478
35622
35671
35673
35787
35840
35846
35859
36023
36078
36191
36296
36341
36444
36468
36552
36568
36665
36725
37003
37100
37357
37458
37559
37834
37886
37995
38028
38069
38084
38202
38249
38308
38324
38502
38648
38683
38725
38838
38872
38948
39120
39500
39685
39757
39879
39932
40013
40021
40067
40233
40442
40500
40569
40638
40678
40845
40875
41037
41077
41119
41189
41295
41374
41527
41671
41852
41959
42008
42032
42128
42284
42343
42382
42394
42433
42707
42721
42832
42834
42897
42916
42954
42967
42981
43016
43052
43148
43153
43194
43196
43334
43448
43674
43700
43759
44017
44112
44150
44213
44270
44475
44642
44827
44861
44907
44952
45142
45219
45325
45339
45457
45538
45569
45583
45610
45684
45757
45775
45778
45805
45904
45950
46017
46084
46157
46213
46334
46384
46484
46491
46579
46686
47033
47083
47157
47331
47353
47420
47529
47559
47685
47703
47740
47804
47865
48286
48290
48352
48420
48641
48661
48668
48803
49097
49285
49432
49479
49648
50010
50033
50111
50254
50980
51068
51138
51147
51213
51227
51391
51465
51569
51625
51786
51799
51901
51999
52020
52066
52076
52108
52218
52357
52362
52445
52464
52612
52653
52704
53044
53051
53083
53128
53235
53257
53323
53360
53883
53907
54207
54263
54599
54617
54653
54831
55028
55045
55123
55136
55300
55568
55783
55802
55826
55837
55855
56078
56181
56184
56226
56368
56607
56891
56932
56946
57054
57114
57117
57138
57304
57317
57466
57579
57770
57781
57940
58043
58101
58103
58149
58243
58345
58347
58654
58797
58851
58899
59118
59150
59177
59353
59391
59595
59619
59637
59757
60006
60065
60215
60379
60412
60435
60463
60501
60759
60804
60825
60985
61146
61156
61220
61240
61262
61373
61429
61619
61695
61747
61810
61954
61995
62136
62155
62209
62222
62269
62298
62316
62341
62524
62582
62712
62829
62926
62954
63030
63111
63218
63246
63260
63267
63314
63512
63535
63620
63660
63745
63814
63863
63900
63907
64009
64121
64311
64511
64521
64537
65082
65144
65153
65205
65253
65329
65430
65621
65651
65761
65871
65921
66208
66253
66341
66422
66455
66545
66855
66880
66898
67080
67152
67169
67260
67414
67448
67527
67543
67574
67691
67704
67811
67833
68007
68063
68073
68118
68243
68259
68481
68617
68982
69105
69152
69326
69363
69672
69702
69952
69969
70028
70040
70045
70441
70466
70495
70540
70615
70710
70747
70776
70783
70825
70938
70956
71029
71222
71290
71393
71400
71522
71526
71544
71659
71817
71907
71933
71960
72198
72303
72463
72691
72727
72741
72766
72805
72807
72910
73083
73111
73121
73142
73430
73449
73477
73518
73567
73597
73601
73754
73857
73872
74041
74068
74185
74396
74418
74770
74864
74919
75044
75066
75084
75096
75175
75252
75386
75418
75489
75521
75580
75582
75588
75773
75888
75933
75963
76158
76185
76271
76409
76650
76666
76729
76748
76756
76773
76782
76876
77362
77403
77499
77672
77775
77783
77943
78057
78079
78123
78215
78236
78496
78508
78564
78670
78773
78793
78827
78849
79016
79057
79293
79650
79833
79893
80008
80108
80172
80244
80343
80362
80437
80502
80504
80527
80642
80689
80868
80890
80909
80944
80966
80991
81092
81435
81460
81491
81517
81662
81861
81873
81893
81959
81963
82071
82080
82253
82265
82533
82536
82578
82596
82641
82713
82728
82791
82960
83151
83205
83226
83406
83446
83571
83588
83598
83612
83755
83779
83904
83974
84268
84471
84537
84556
84576
84610
84642
84725
84797
84848
85062
85137
85256
85296
85471
85534
85542
85584
85619
85636
85726
86204
86267
86283
86288
86465
86506
86572
86663
86670
86685
86751
86881
86908
86960
87050
87263
87375
87502
87549
87821
87833
87856
88039
88136
88197
88228
88464
88493
88652
88694
88727
88756
88789
88928
88974
89325
89563
89582
89622
89750
90032
90116
90188
90336
90348
90431
90435
90470
90484
90548
90581
90802
90946
91011
91015
91111
91167
91175
91289
91535
91599
91619
91648
91680
91741
91907
92011
92148
92253
92340
92355
92372
92478
92517
92643
92763
92827
92893
92983
93054
93073
93093
93099
93135
93171
93201
93246
93280
93419
93436
93511
93546
93586
93708
93799
93976
94054
94175
94216
94299
94450
94557
94610
94714
94781
94854
95144
95159
95230
95297
95307
95311
95363
95402
95539
95643
95668
95678
95770
95984
96129
96233
96311
96429
96459
96680
96795
96942
97010
97052
97131
97220
97252
97366
97509
97569
97666
97722
97782
98174
98195
98232
98359
98385
98497
98649
98672
98739
98821
98960
99120
99172
99336
99530
99547
99654
99671
99743
99823
100113
100120
100133
100517
100613
100660
100681
100700
100764
100797
100937
101187
101269
101666
101693
101725
101744
101747
101907
101937
102042
102099
102235
102243
102293
102358
102490
102510
102603
102651
102805
102834
102845
103058
103060
103140
103143
103328
103331
103345
103382
103433
103497
103584
103699
103778
103804
103860
103895
104008
104011
104039
104050
104062
104159
104249
104365
104422
104429
104502
104558
104577
104677
104727
104978
104989
105088
105276
105323
105449
105453
105464
105474
105586
105667
105703
105839
106057
106080
106114
106185
106232
106348
106371
106529
106560
106698
106737
106825
106838
106900
106933
106989
107017
107086
107137
107241
107281
107460
107470
107504
107525
107601
107628
107668
107696
107743
107842
107851
107868
108126
108684
108748
108889
108973
109108
109231
109518
109591
109656
109788
109860
109926
109956
109998
110017
110058
110152
110173
110189
110244
110258
110353
110454
110486
110703
110909
110911
111029
111072
111110
111142
111165
111247
111462
111505
111579
111606
111668
111723
111821
111888
111903
111923
111928
112115
112138
112197
112203
112206
112291
112330
112342
112391
112478
112830
112903
112929
112953
113205
113242
113252
113313
113363
113368
113403
113417
113429
113569
113604
113613
113654
113673
113755
113759
113843
113860
113957
114032
114117
114399
114406
114523
114610
114648
114697
114765
114859
115010
115165
115167
115283
115429
115475
115583
115609
115722
115860
115991
115999
116109
116204
116236
116281
116334
116346
116377
116409
116482
116503
116520
116542
116687
116742
116796
116829
116835
116880
116981
116988
117027
117038
117080
117161
117198
117248
117348
117391
117458
117461
117540
117678
117699
117756
117778
117798
117903
117965
118146
118166
118270
118333
118465
118532
118585
118597
118648
118707
118797
118974
119213
119250
119297
119331
119450
119511
119528
119597
119692
119723
119785
119891
119896
119899
119996
120147
120176
120205
120257
120362
120456
120541
120565
120603
120622
120639
120711
120831
120868
120895
121129
121185
121336
121338
121354
121813
121863
121933
121936
121941
121957
122002
122070
122092
122140
122224
122257
122319
122334
122465
122520
122604
122801
122882
122977
123128
123216
123235
123525
123707
123836
123863
123922
123977
123979
124085
124093
124154
124208
124292
124326
124337
124431
124533
124591
124664
124690
124726
124797
124867
124894
124903
124963
125013
125089
125204
125279
125292
125320
125325
125353
125623
125630
125784
125800
125839
125902
125932
125948
126037
126112
126183
126371
126777
127085
127104
127133
127212
127227
127232
127348
127401
127446
127479
127507
127542
127549
127630
127651
127661
127685
127702
127931
128125
128183
128204
128278
128330
128463
128657
128842
128859
128867
128889
128967
129025
129076
129105
129117
129267
129351
129570
129598
129692
129709
129907
129959
130040
130074
130291
130359
130487
130499
130545
130552
130561
130589
130738
130912
130956
131065
131225
131253
131311
131516
131532
131552
131627
131640
131825
132020
132169
132176
132230
132234
132246
132292
132357
132370
132561
132588
132634
132746
132861
133150
133155
133216
133322
133336
133357
133365
133386
133811
133860
133873
133930
133970
134151
134505
134559
134632
134691
134693
134707
134772
134912
134941
135038
135090
135104
135109
135227
135236
135238
135504
135539
135543
135656
135698
135736
135768
135829
135866
135879
135920
135971
135987
136134
136259
136524
136614
136616
136661
136809
136844
137149
137308
137317
137465
137648
137712
137793
137797
137830
137898
137951
138005
138038
138063
138089
138117
138286
138291
138309
138361
138373
138701
138742
138812
139117
139146
139204
139279
139322
139476
139657
139698
139806
139865
139969
140012
140106
140119
140201
140279
140282
140660
140701
140709
140921
140934
140967
141085
141436
141475
141644
141684
141741
141767
141771
141937
141974
142003
142068
142117
142181
142270
142505
142513
142517
142581
142585
142598
142617
142633
142653
142699
142714
142832
142899
143029
143040
143233
143247
143267
143366
143414
143467
143514
143570
143628
143684
143743
143883
143892
144019
144103
144122
144234
144237
144376
144539
144571
144730
144839
144859
144914
145161
145286
145613
145650
145664
145721
145728
145739
145806
145885
146167
146188
146253
146290
146314
146316
146370
146540
146706
146711
146760
146825
146896
146927
147324
147381
147449
147472
147508
147774
147804
147820
147884
147906
148011
148090
148092
148272
148322
148413
148438
148650
148728
148734
148738
148866
149021
149066
149078
149192
149331
149396
149585
149634
149778
149782
149808
149845
149854
149921
150029
150218
150240
150242
150255
150272
150276
150298
150313
150391
150446
150481
150559
150676
151010
151032
151040
151119
151165
151185
151217
151226
151251
151337
151390
151461
151610
151636
151796
151801
151906
152096
152278
152451
152471
152548
152648
152650
152672
152719
152844
152877
152963
152976
153005
153088
153121
153238
153262
153271
153376
153426
153580
153585
153666
153670
153711
153725
153747
153896
153990
154068
154082
154138
154372
154402
154462
154475
154598
154714
154824
154920
155004
155158
155180
155262
155286
155306
155400
155414
155481
155489
155541
155558
155621
155658
155922
156009
156090
156225
156565
156632
156844
156868
156923
156954
156989
157036
157114
157186
157200
157247
157298
157313
157337
157382
157458
157719
157754
157807
157917
158049
158094
158150
158551
158734
158791
158825
158937
159067
159078
159267
159344
159361
159449
159478
159524
159563
159566
159645
159675
159722
159784
159917
160009
160168
160284
160379
160460
160619
160712
160823
161018
161160
161231
161346
161401
161414
161420
161432
161465
161539
161828
162091
162151
162165
162478
162497
162525
162551
162586
162680
162764
162864
163056
163088
163108
163121
163183
163190
163400
163495
163509
163978
164042
164130
164149
164330
164406
164480
164530
164541
164584
164737
164751
164795
164900
164939
164959
165007
165113
165192
165234
165253
165409
165521
165524
165567
165637
165645
165713
165759
165880
166030
166074
166162
166250
166429
166473
166522
166542
166681
166703
166796
166859
166990
167071
167080
167272
167376
167426
167454
167603
167667
167679
167700
167736
167915
167929
167933
168260
168276
168307
168345
168393
168461
168581
168703
168733
168798
168851
168901
168954
168979
169163
169183
169457
169497
169532
169709
169754
169823
169841
170080
170149
170173
170209
170259
170293
170388
170716
170779
170848
170922
171026
171105
171180
171268
171504
171509
171574
171680
171771
171781
171795
171871
171935
172009
172078
172404
172504
172578
172588
172615
172655
172666
172754
172812
172833
172841
172892
172904
172935
172965
173009
173069
173235
173255
173262
173286
173403
173467
173536
173552
173600
173846
174037
174223
174269
174301
174352
174387
174392
174423
174527
174602
174633
174712
174925
174934
174985
175195
175293
175339
175410
175623
175732
175746
175768
175818
175997
176063
176078
176173
176318
176344
176353
176715
176749
176753
176786
176802
177112
177186
177322
177346
177361
177370
177477
177621
177693
177713
177735
177866
178037
178098
178184
178447
178486
178614
178725
178885
179028
179053
179067
179103
179149
179160
179416
179518
179660
179705
179742
179787
179822
179854
179857
179928
180024
180048
180130
180188
180241
180244
180503
180604
180644
180697
180752
180784
180883
180915
180940
181052
181201
181245
181280
181288
181333
181423
181586
181779
181921
181971
182078
182115
182163
182172
182217
182362
182409
182582
182629
182787
182793
182816
182965
183069
183071
183083
183222
183245
183301
183521
183560
183573
183607
183703
183736
183757
183794
183811
183813
183967
183979
184052
184082
184160
184209
184445
184476
184579
184743
184752
184784
184868
184875
184882
184905
185068
185175
185252
185264
185268
185319
185323
185342
185362
185459
185560
185573
185635
185646
185649
185830
185832
185916
185993
186082
186239
186502
186595
186628
186637
186755
186791
186954
186961
187076
187243
187325
187397
187402
187427
187660
187779
187870
187922
187978
188068
188079
188124
188160
188245
188249
188341
188344
188451
188475
188593
188618
188800
188862
188933
188940
188964
188980
189024
189099
189330
189348
189433
189487
189619
189648
189675
189714
189776
189855
189910
190089
190154
190164
190221
190228
190311
190314
190359
190435
190472
190638
190674
190726
190748
190759
190778
190841
190979
191105
191148
191203
191238
191364
191424
191456
191472
191481
191505
191550
191693
191720
191828
191881
191947
192068
192136
192254
192316
192402
192413
192468
192502
192527
192579
192613
192741
192836
192849
192859
192927
193000
193008
193024
193047
193059
193170
193549
193583
193585
193699
193772
193893
193907
194026
194106
194145
194345
194404
194466
194479
194484
194510
194552
194573
194668
194687
194726
194734
194774
194776
194936
195046
195154
195178
195211
195222
195234
195291
195299
195313
195388
195406
195457
195706
195945
196015
196101
196209
196225
196356
196364
196382
196435
196455
196529
196544
196650
196675
196759
197367
197449
197594
197693
197817
197858
198156
198241
198244
198294
198733
198803
198823
198852
199028
199066
199103
199115
199119
199191
199230
199295
199543
199550
199557
199561
199701
199782
199809
199827
199884
199891
199916
199958
199986
200013
200034
200046
200190
200250
200254
200276
200293
200300
200335
200434
200559
200578
200660
200726
200728
200933
201003
201087
201137
201151
201172
201295
201361
201411
201432
201462
201513
201551
201578
201649
201830
201833
201883
201896
202005
202090
202131
202187
202220
202329
202452
202730
202756
202795
202860
202888
202899
203027
203113
203165
203196
203267
203329
203440
203607
203699
203832
203881
204053
204131
204224
204314
204341
204721
204761
204766
204914
204916
204956
205032
205035
205061
205074
205090
205214
205270
205319
205323
205413
205511
205657
205762
205890
205965
206027
206248
206319
206502
206524
206601
206614
206672
206675
206688
206758
206822
206837
206983
207005
207074
207080
207174
207270
207392
207394
207535
207586
207646
207692
207702
207711
207715
207733
208235
208382
208563
208628
208675
208763
208903
208906
208935
208983
209007
209029
209038
209321
209363
209497
209526
209540
209578
209740
209920
209943
209950
210243
210380
210827
210937
210941
210956
211000
211279
211371
211581
211733
211804
211860
211867
212098
212127
212201
212291
212374
212617
212713
212787
212793
212862
212867
213041
213106
213125
213177
213183
213201
213281
213349
213401
213442
213510
213531
213671
213910
213918
214109
214116
214122
214166
214329
214353
214457
214742
214753
214800
214807
214915
214947
214955
214977
214982
215027
215156
215203
215265
215359
215392
215434
215727
215731
215748
215756
215968
216115
216132
216163
216185
216194
216230
216294
216326
216392
216417
216512
216539
216644
216648
216731
216747
216841
216909
217017
217307
217502
217583
217639
217731
217778
217832
217948
218085
218096
218144
218256
218340
218400
218412
218565
218597
218693
218715
218777
218920
218969
219042
219081
219102
219154
219254
219292
219316
219375
219387
219454
219508
219517
219521
219611
219764
219788
219868
219893
220049
220121
220288
220389
220522
220527
220560
220618
220683
220850
221111
221264
221277
221334
221353
221363
221549
221572
221640
221802
221849
221861
222034
222045
222141
222182
222184
222191
222299
222353
222377
222438
222503
222588
222678
222749
222759
222817
222849
223105
223116
223119
223155
223191
223212
223267
223280
223301
223396
223417
223420
223520
223566
223579
223639
223710
223824
223862
223975
224003
224099
224165
224230
224356
224442
224460
224526
224557
224565
224908
225252
225273
225328
225552
225626
225643
225836
225942
226049
226138
226195
226249
226266
226321
226657
226726
226771
226917
226957
227031
227125
227334
227416
227547
227555
227752
227796
227886
228040
228055
228118
228146
228208
228439
228519
228521
228678
228710
228752
228788
228849
229049
229163
229194
229197
229306
229392
229503
229621
229705
229713
229734
229757
229763
229771
229778
229929
230001
230054
230187
230222
230269
230288
230335
230394
230502
230584
230599
230740
230760
230857
231148
231168
231273
231314
231585
231605
231723
231732
232032
232282
232364
232569
232681
232816
233118
233214
233233
233277
233336
233339
233373
233412
233460
233480
233492
233518
233539
233855
234098
234308
234366
234406
234409
234654
234950
235036
235198
235348
235360
235469
235517
235521
235607
235661
235868
235948
235982
236100
236118
236161
236232
236293
236345
236400
236403
236582
236626
236634
236638
236968
237090
237203
237242
237252
237311
237328
237348
237366
237548
237590
237743
238169
238190
238264
238302
238496
238591
238609
238799
238837
238863
238871
238892
238977
239065
239090
239461
239474
239488
239505
239629
239861
240157
240223
240245
240332
240399
240474
240535
240609
240625
240685
240742
240802
240817
240843
240942
241019
241053
241082
241175
241253
241306
241328
241350
241444
241450
241452
241623
241690
241929
242091
242134
242262
242265
242361
242410
242473
242756
242783
242880
243100
243180
243289
243293
243615
243784
243791
243963
243967
244149
244256
244280
244332
244506
244658
244850
244954
244958
244995
245011
245014
245130
245252
245283
245368
245399
245470
245498
245510
245554
245568
245634
245707
245780
245999
246026
246102
246227
246367
246377
246445
246519
246672
246755
246761
246798
246862
246974
246982
247049
247085
247210
247558
247589
247636
247653
247656
247689
247733
247762
247786
247809
247820
247824
247831
247978
248000
248055
248131
248137
248291
248315
248404
248745
248952
249030
249054
249069
249137
249215
249220
249347
249535
249568
249651
249667
249690
249722
249957
249985
250071
250073
250079
250155
250214
250243
250278
250495
250515
250557
250583
250616
250642
250709
250916
250941
251029
251153
251157
251418
251446
251645
251664
251927
252163
252190
252202
252244
252263
252468
252529
252595
252624
252629
252842
252877
252884
252988
253122
253139
253166
253301
253430
253551
253585
253597
253719
253881
253887
253926
253973
253984
254000
254013
254043
254105
254181
254197
254205
254215
254345
254348
254430
254434
254447
254452
254466
254633
254644
254754
254761
254812
254815
254965
254986
255025
255039
255049
255117
255221
255528
255831
255843
256128
256154
256195
256324
256612
256632
256798
256827
256838
256914
257129
257202
257437
257439
257492
257554
257750
257926
257939
257956
258095
258216
258239
258395
258427
258518
258634
258683
258740
258764
258950
258978
259002
259306
259599
259610
259629
259662
259738
259812
259843
259901
259941
260006
260021
260066
260187
260279
260315
260369
260475
260543
260691
260754
260799
260881
260904
260932
260992
261034
261147
261152
261279
261375
261378
261407
261423
261549
261599
261630
261687
261745
262045
262182
262225
262325
262380
262448
262528
262667
262756
262860
262925
263002
263025
263100
263136
263156
263187
263358
263458
263508
263814
263972
264287
264406
264590
264606
264730
264808
264863
264925
264974
264979
265014
265027
265072
265534
265544
265651
265732
266006
266077
266097
266169
266230
266255
266372
266444
266483
266491
266502
266611
266644
266658
266713
266847
266880
266990
267275
267294
267368
267542
267547
267558
267748
267766
267893
267982
268176
268202
268205
268302
268344
268490
268551
268564
268717
268731
268909
268967
269039
269066
269112
269204
269362
269658
269706
269739
269757
269857
270003
270010
270034
270186
270262
270310
270315
270522
270535
270653
270680
270723
270777
270839
270875
270930
270961
270970
271036
271062
271093
271149
271156
271240
271298
271311
271407
271533
271683
271710
271929
271957
272025
272097
272168
272313
272338
272348
272401
272445
272489
272555
272561
272576
272658
272694
272760
272879
273041
273057
273073
273172
273230
273436
273591
273646
273872
273926
274018
274023
274070
274110
274283
274347
274357
274384
274407
274574
274717
274747
274749
274829
274864
274939
275108
275128
275160
275265
275301
275320
275352
275512
275610
275986
276033
276066
276252
276314
276321
276343
276366
276405
276420
276580
276781
276833
276854
277054
277202
277208
277338
277435
277633
277677
277697
277716
277742
277893
277975
277977
278003
278204
278248
278279
278321
278334
278357
278403
278500
278509
278552
278572
278644
278714
278734
278842
278943
279023
279074
279376
279448
279481
279516
279533
279558
279588
279595
279683
279727
279853
279921
279969
279972
280109
280261
280272
280402
280502
280522
280615
280633
280827
280947
281086
281123
281190
281220
281260
281311
281345
281412
281475
281492
281512
281946
281956
281976
281999
282016
282052
282175
282333
282352
282378
282736
282804
282825
282852
283006
283167
283213
283249
283270
283298
283407
283525
283559
283590
283596
283769
283827
283862
283867
283907
283921
284183
284285
284386
284492
284548
284611
284675
284699
284821
284864
284946
285128
285153
285179
285223
285275
285315
285460
285475
285481
285556
285650
285714
285809
285871
285907
285965
286241
286245
286253
286326
286328
286642
286672
286816
286958
287062
287144
287265
287284
287319
287421
287503
287535
287611
287661
287681
287713
287764
287890
287990
288284
288320
288330
288382
288448
288496
288498
288529
288574
288623
288699
288724
288836
289171
289323
289373
289430
289443
289480
289512
289776
289859
289916
290073
290300
290379
290569
290578
290637
290685
290720
290841
290850
290873
290924
290984
290997
291046
291145
291320
291375
291443
291451
291545
291599
291997
292055
292153
292263
292275
292377
292496
292558
292638
292649
292704
292737
292758
292805
292814
292821
292941
293012
293059
293113
293245
293251
293422
293491
293541
293632
293651
293813
293904
294068
294107
294183
294430
294672
294686
294801
295021
295109
295148
295180
295202
295239
295268
295302
295307
295312
295486
295550
295574
295582
295651
295762
295768
295957
295977
296047
296199
296215
296219
296436
296462
296537
296618
296679
296759
296962
296989
297109
297253
297377
297393
297418
297497
297745
297780
297872
297971
297982
298020
298234
298269
298333
298475
298604
298679
298697
298826
298917
298950
299146
299247
299266
299299
299394
299502
299562
299596
299613
299650
299682
299685
299824
299837
299899
299936
299992
300054
300298
300346
300350
300364
300401
300526
300592
300819
300902
300910
301019
301109
301130
301217
301269
301368
301374
301460
301654
301778
301856
301861
302008
302068
302253
302283
302318
302554
302611
302770
302829
302849
302904
302967
303070
303207
303229
303316
303366
303395
303525
303548
303627
303662
303743
303837
303874
303895
303971
303990
304143
304148
304161
304316
304368
304382
304462
304470
304587
304616
304652
304664
304821
304855
305111
305156
305261
305277
305464
305483
305514
305603
305634
305713
305754
305763
305774
305783
305799
305801
305908
305935
305937
306144
306282
306289
306503
306545
306646
306672
306690
306716
306737
306907
307096
307171
307308
307438
307458
307465
307534
307677
307720
307725
307796
307855
307961
308062
308070
308181
308273
308332
308525
308715
308732
308788
308930
308957
308988
309020
309070
309105
309164
309194
309219
309279
309371
309525
309610
309617
309947
309979
310102
310178
310247
310249
310259
310271
310370
310383
310391
310434
310534
310575
310609
310621
310628
310733
310774
310840
310886
310890
310957
311003
311087
311135
311146
311203
311263
311272
311315
311342
311470
311484
311631
311650
311685
311775
312169
312205
312296
312419
312518
312659
312668
312772
312811
312835
312849
312908
312939
313071
313182
313255
313350
313383
313399
313442
313527
313685
313734
313754
313819
313857
313937
314052
314086
314187
314235
314242
314420
314423
314456
314498
314747
314809
314863
314882
314886
314890
314917
314922
315192
315271
315317
315347
315450
315564
315710
315738
315794
315842
315876
315953
315970
315978
315989
316059
316279
316331
316362
316427
316779
316928
316981
317124
317343
317390
317479
317567
317778
317782
317785
318013
318202
318321
318341
318407
318491
318823
318866
319158
319204
319226
319407
319875
320034
320044
320061
320233
320280
320443
320466
320532
320592
320788
320815
320875
320970
321095
321099
321128
321486
321652
321728
321735
321860
321880
321951
321997
322072
322110
322135
322154
322181
322200
322307
322539
322550
322708
322723
322746
323023
323066
323071
323112
323210
323250
323372
323479
323490
323633
323641
323686
323728
323760
323823
323862
324069
324084
324114
324164
324254
324293
324325
324341
324404
324427
324474
324481
324811
324823
324917
324955
325003
325116
325133
325202
325323
325496
325616
325680
325699
325703
325714
325743
325814
326012
326194
326397
326448
326595
326648
326684
326755
326787
326854
326979
327138
327253
327304
327375
327442
327557
327740
327750
327998
328194
328291
328337
328370
328467
328508
328550
328599
328648
328865
329001
329008
329163
329172
329178
329243
329245
329558
329564
329859
329928
330103
330130
330157
330174
330218
330236
330248
330279
330305
330382
330434
330508
330618
330790
330906
330917
330977
331033
331095
331110
331185
331301
331358
331369
331373
331386
331528
331546
331768
331802
331804
331861
331911
331993
332049
332119
332124
332169
332263
332415
332434
332491
332613
332831
332882
332903
332968
333133
333293
333325
333453
333522
333659
333682
333809
333971
333985
334039
334049
334107
334139
334220
334538
334575
334626
334657
334755
334764
334784
334859
334998
335076
335104
335149
335165
335223
335260
335283
335366
335502
335550
335750
335787
335799
335961
336037
336128
336180
336220
336273
336315
336516
336796
336935
336945
337028
337298
337410
337530
337562
337690
338101
338182
338406
338631
338640
338684
338797
338828
338863
338901
338930
338971
339041
339166
339204
339298
339396
339515
339532
339542
339699
339801
339806
339901
339909
339934
340137
340234
340237
340553
340589
340604
340638
340867
340902
340911
340955
340975
340990
341081
341481
341494
341668
341672
341681
341845
341876
341911
341916
342056
342165
342352
342445
342642
342650
342667
342747
342769
342920
343032
343049
343065
343075
343128
343169
343418
343473
343509
343662
343690
343899
344082
344117
344129
344173
344192
344314
344512
344526
344676
344847
344863
344885
345154
345276
345286
345324
345372
345561
345599
345695
346225
346272
346349
346550
346584
346720
347089
347094
347126
347145
347235
347295
347385
347393
347459
347470
347504
347597
347626
347769
347852
347982
348229
348243
348277
348422
348436
348453
348499
348526
348546
348787
348936
348966
349069
349172
349252
349323
349412
349471
349521
349568
349598
349631
349645
349782
349883
349893
349972
349984
349999
350060
350086
350316
350322
350492
350772
350936
350974
351010
351108
351144
351168
351180
351402
351421
351489
351503
351541
351576
351805
351827
351841
351962
352015
352166
352281
352318
352349
352430
352458
352482
352510
352540
352764
352780
352827
352860
352875
352923
352963
352966
352971
352988
353305
353456
353466
353606
353698
353803
353829
354198
354220
354294
354326
354414
354502
354630
354657
354670
354691
354749
354851
354890
354962
355103
355447
355500
355539
355614
355651
355727
355763
355791
355989
356156
356178
356230
356233
356373
356481
356576
356637
356685
356757
356845
356949
356979
356986
356992
357023
357026
357051
357065
357097
357241
357568
357588
357640
357701
357788
357874
357959
357980
358210
358263
358307
358404
358679
358802
358881
358956
358997
359277
359421
359468
359573
359604
359667
359749
360065
360071
360171
360370
360385
360388
360401
360466
360611
360696
360874
360917
361199
361215
361276
361383
361411
361455
361499
361523
361548
361588
361687
361799
361863
361913
362025
362028
362201
362607
362618
362622
362637
362709
362716
362736
362865
362892
362953
362963
363010
363102
363122
363233
363248
363288
363358
363382
363426
363542
363658
363698
363766
363833
363944
364070
364102
364105
364203
364515
364551
364603
364648
364701
364714
364782
364789
364792
364816
364923
364974
365080
365103
365129
365147
365288
365312
365525
365676
365761
365818
365872
365912
365992
366006
366020
366041
366151
366168
366269
366322
366499
366511
366541
366980
367021
367081
367122
367157
367197
367663
367777
367822
367894
367993
368089
368165
368202
368444
368488
368540
368622
368682
368726
368989
369010
369038
369304
369502
369658
369794
369816
369819
369825
369841
369886
369978
370209
370410
370442
370554
370574
370613
370651
370660
370707
370732
370752
370875
370955
370995
371001
371108
371112
371128
371135
371201
371233
371262
371511
371638
371641
371689
371792
371937
371939
372230
372287
372350
372411
372450
372582
372744
372760
372829
372843
372884
373021
373061
373090
373121
373172
373232
373332
373394
373411
373571
373587
373624
373774
373780
373784
373791
373980
374034
374134
374194
374203
374231
374298
374317
374457
374773
374788
374817
374851
374972
375007
375038
375045
375225
375227
375401
375686
375780
375968
376019
376043
376130
376180
376185
376299
376330
376384
376461
376494
376687
376715
376860
376865
376898
377075
377185
377238
377487
377535
377541
377574
378151
378208
378290
378385
378440
378519
378526
378543
378546
378659
378685
378734
379047
379125
379211
379504
379575
379621
379711
379846
379957
379979
380101
380108
380480
380601
380783
380806
380926
381289
381333
381490
381752
381773
381866
381886
381965
382050
382119
382231
382280
382298
382332
382426
382534
382562
382687
382786
382816
383002
383241
383349
383566
383604
383669
383941
383995
384001
384142
384191
384341
384450
384536
384639
384670
384722
384752
384936
385071
385123
385134
385157
385198
385276
385288
385338
385441
385735
385761
385807
385822
385850
385854
385958
386042
386140
386362
386572
386783
386785
386807
386898
386960
386978
387062
387090
387177
387198
387233
387238
387262
387379
387405
387449
387555
387621
387756
387799
387886
387924
388002
388077
388159
388215
388347
388546
388560
388567
388748
388753
388796
388879
389076
389162
389173
389275
389438
389522
389635
389644
389677
389737
389752
389780
389791
389822
389864
389883
389912
390112
390184
390303
390307
390314
390346
390427
390434
390489
390515
390534
390568
390602
390689
390771
390856
390911
391042
391108
391160
391285
391359
391383
391710
391820
391833
391835
391862
391870
391935
392004
392185
392298
392494
392581
392712
392891
393092
393159
393370
393405
393648
393738
393949
393957
393975
393999
394050
394171
394208
394237
394295
394335
394408
394425
394445
394497
394566
394841
394869
394875
395032
395241
395379
395435
395569
395607
395656
395943
395975
396111
396125
396254
396257
396291
396329
396333
396370
396513
396630
396663
396667
396700
396784
396898
396901
397056
397178
397206
397238
397317
397320
397341
397435
397570
397594
397612
397753
398050
398053
398062
398110
398155
398306
398368
398457
398563
398620
398692
398757
398878
398883
398894
399017
399046
399085
399201
399203
399305
399347
399360
399492
399576
399581
399606
399684
399720
399792
399823
399838
400212
400245
400393
400408
400466
400501
400519
400529
400571
400830
400832
401572
401626
401661
401937
402045
402087
402175
402225
402379
402441
402477
402512
402567
402679
402697
402744
402798
403038
403149
403281
403301
403340
403576
403578
403586
403730
403756
403774
403871
403895
403932
403960
404060
404166
404281
404419
404440
404638
404645
404730
404796
404799
404863
404911
404930
405043
405077
405082
405389
405411
405580
406024
406113
406144
406149
406176
406244
406436
406456
406500
406522
406529
406535
406550
406647
406686
406767
406841
406863
406976
407156
407313
407473
407524
407533
407616
407716
407725
407727
407770
407832
407997
408081
408131
408271
408292
408403
408428
408567
408596
408610
408638
408720
408789
408939
408975
409064
409474
409478
409743
409803
409912
409958
409979
410015
410113
410117
410170
410211
410291
410341
410520
410571
410578
410697
410794
410841
411017
411070
411100
411104
411118
411262
411337
411425
411521
411716
411778
411832
411874
411933
411975
412320
412484
412526
412571
412629
412786
412887
412963
412989
412997
413065
413153
413374
413434
413615
413781
413797
413870
413877
413946
413981
414042
414049
414100
414187
414247
414316
414558
414571
414790
414870
414920
414930
415082
415115
415152
415228
415257
415318
415323
415429
415549
415687
415700
415738
415753
415768
415884
416218
416276
416532
416596
416787
416809
416838
416886
417001
417003
417015
417097
417186
417322
417336
417394
417483
417574
417834
417937
417959
417962
418067
418089
418196
418200
418226
418285
418314
418424
418442
418486
418585
418657
418691
418710
418714
418747
418866
418881
419124
419262
419518
419557
419559
419651
419693
419695
419780
419810
420040
420046
420143
420239
420301
420309
420420
420468
420529
420554
420571
420590
420625
420860
420891
421071
421182
421202
421246
421283
421351
421436
421764
421809
421932
421993
422019
422116
422296
422421
422769
422833
422883
422944
422993
423073
423171
423275
423305
423332
423446
423594
423706
423819
423838
423868
423976
424005
424013
424070
424176
424266
424270
424274
424313
424378
424469
424563
424678
424700
424704
424800
424912
424989
425037
425073
425222
425270
425345
425367
425473
425486
425547
425563
425578
425600
425602
425676
425695
425787
425793
425921
425981
426048
426113
426145
426160
426170
426268
426362
426387
426422
426574
426692
426790
426991
427001
427138
427142
427337
427513
427625
427659
427776
427859
427867
427882
427887
427910
427939
428007
428010
428226
428339
428341
428380
428512
428632
428654
428724
428756
428911
429102
429214
429224
429304
429459
429482
429597
429910
429985
430249
430256
430400
430445
430480
430512
430585
430607
430823
430884
430991
431103
431225
431235
431322
431358
431453
431537
431556
431562
431604
431613
431679
431697
431746
431963
431979
431989
432033
432129
432217
432299
432320
432328
432334
432338
432352
432380
432382
432451
432526
432534
432609
432778
432818
432837
432880
433046
433067
433314
433668
433829
433871
433956
433963
434061
434076
434097
434181
434222
434231
434267
434304
434362
434547
434592
434611
434676
434716
434760
434806
435006
435109
435204
435259
435291
435298
435365
435488
435750
435888
435891
435939
435968
436050
436102
436142
436244
436438
436467
436600
436615
436708
436810
436917
437065
437135
437293
437358
437417
437688
437755
437764
438007
438146
438149
438153
438175
438226
438286
438351
438448
438472
438490
438512
438879
438883
438892
438996
439021
439113
439128
439161
439293
439378
439583
439634
439638
439664
439778
439912
440067
440085
440256
440342
440359
440369
440501
440522
440556
440618
440637
440657
440729
440737
440776
440841
440964
440997
441046
441165
441238
441251
441306
441308
441448
441501
441517
441677
441706
441858
441892
441907
441924
442031
442079
442119
442146
442183
442203
442241
442310
442338
442412
442569
442596
442636
442710
442754
442814
442840
442899
442922
443033
443047
443161
443264
443415
443417
443440
443486
443664
443720
443735
443895
443902
443967
444071
444083
444108
444179
444238
444257
444306
444314
444424
444471
444519
444632
444664
444840
444968
445012
445059
445160
445172
445257
445345
445354
445434
445591
445695
445702
445725
445810
445970
446151
446185
446197
446359
446468
446471
446582
446601
446645
446820
446844
447025
447039
447067
447072
447089
447103
447170
447172
447181
447416
447463
447534
447537
447563
447568
447688
447806
447960
447987
448052
448091
448144
448160
448181
448212
448273
448350
448403
448418
448483
448704
448758
448783
448924
448948
449151
449196
449219
449246
449432
449467
449528
449662
450072
450074
450335
450354
450395
450518
450728
450891
450951
451005
451053
451087
451112
451237
451242
451391
451467
451554
451559
451673
451753
451824
452052
452054
452114
452276
452407
452447
452473
452493
452567
452631
452638
452695
452703
452728
452737
452818
452988
453138
453195
453363
453368
453399
453426
453490
453506
453572
453626
453672
453928
453963
454269
454309
454385
454405
454458
454595
454612
454739
454822
454892
455072
455088
455184
455216
455222
455334
455367
455408
455435
455545
455688
455910
455975
456018
456146
456331
456406
456419
456429
456485
456540
456589
456704
456711
456729
456850
456925
456939
456987
456996
457065
457199
457343
457397
457446
457486
457698
457793
457798
457805
457843
457848
458020
458068
458094
458124
458220
458269
458272
458388
458415
458462
458533
458756
458971
458995
459389
459427
459456
459486
459494
459622
459651
459754
459779
459844
459871
459918
459983
460207
460328
460341
460398
460468
460493
460553
460592
460705
460755
460793
460858
460897
460900
461077
461154
461215
461638
461836
461863
461871
461911
462032
462126
462136
462184
462190
462314
462371
462505
462580
462681
462823
462837
462959
462994
463040
463100
463136
463228
463264
463267
463321
463324
463470
463579
463650
463655
463672
463795
463816
463977
464020
464172
464177
464310
464372
464394
464516
464581
464611
464792
464878
464887
464895
465004
465011
465060
465152
465165
465252
465318
465382
465509
465533
465552
465588
465605
465815
465863
465888
465975
466099
466209
466257
466302
466315
466404
466416
466630
466814
466833
466876
466973
466987
466995
467018
467053
467084
467207
467298
467364
467419
467448
467461
467505
467545
467673
467682
467738
467765
467818
467880
467884
467906
468026
468041
468125
468184
468260
468433
468514
468609
468748
468818
468921
469118
469153
469183
469207
469212
469244
469404
469471
469491
469587
469746
469968
470128
470158
470168
470312
470359
470448
470480
470570
470620
470651
470655
470686
470814
470829
470989
471101
471140
471149
471191
471508
471564
471571
471573
471578
471610
471646
471665
471825
471893
471981
472212
472576
472745
472777
472827
472840
472907
472944
473010
473057
473078
473116
473139
473216
473513
473668
473824
473896
473928
473937
474197
474399
474573
474628
474635
474744
474788
474917
474999
475160
475221
475374
475411
475426
475453
475527
475614
475720
475791
475803
475961
475986
476019
476064
476333
476357
476388
476409
476451
476502
476529
476543
476731
476739
476751
476758
476797
476868
476959
477016
477048
477177
477215
477342
477397
477522
477543
477622
477635
477648
477771
477941
478040
478144
478155
478286
478305
478322
478361
478461
478530
478537
478606
478743
478779
478813
478817
478852
478881
478921
478941
478945
479030
479095
479282
479374
479466
479470
479629
479695
479726
479735
479758
479999
480162
480314
480525
480605
480735
481115
481185
481383
481572
481728
481878
482010
482020
482114
482161
482189
482410
482479
482516
482525
482635
482673
482832
482920
483217
483370
483422
483471
483508
483636
483700
483709
483726
483807
484005
484162
484180
484369
484435
484440
484564
484679
484872
484898
484988
484998
485087
485116
485201
485384
485793
485797
485844
485957
486138
486378
486676
487070
487203
487234
487283
487350
487383
487388
487408
487611
487634
487753
487766
488088
488109
488120
488202
488260
488305
488411
488438
488529
488765
488775
488868
489272
489397
489442
489454
489581
489640
489828
489885
489975
489996
490012
490016
490021
490144
490228
490258
490335
490360
490472
490498
490635
490722
490748
490958
490990
490997
491260
491329
491349
491576
491621
491626
491708
491751
491791
491854
491931
492055
492141
492146
492181
492202
492223
492256
492442
492503
492597
492709
492767
492995
493022
493148
493255
493279
493307
493363
493568
493676
493684
493773
493812
493822
493852
493970
494014
494188
494223
494254
494473
494509
494666
494747
494816
494839
494843
494883
494929
495035
495046
495094
495169
495178
495409
495499
495621
495647
495670
495689
495870
495905
495976
495985
496054
496071
496099
496183
496306
496313
496409
496527
496567
496683
496695
496761
496854
496863
496901
496973
497011
497057
497088
497105
497164
497199
497236
497421
497670
497779
497909
497941
498054
498096
498147
498151
498283
498309
498381
498446
498454
498538
498629
498804
498881
498921
498971
498975
499030
499248
499486
499586
499621
499644
499653
499759
499965
500091
500154
500334
500396
500409
500684
500699
500745
500792
500841
500915
501018
501196
501276
501369
501404
501504
501520
501558
501597
501601
501715
501933
502088
502114
502184
502298
502300
502412
502434
502444
502568
502651
502718
502862
503047
503121
503200
503277
503440
503471
503514
503554
503579
503597
503630
503652
503802
503861
503892
504070
504133
504168
504189
504194
504209
504268
504298
504304
504349
504421
504471
504497
504665
504675
504697
504807
504843
504889
504897
505036
505075
505215
505219
505257
505390
505449
505569
505583
505642
505667
505677
505802
505811
505847
505923
506000
506114
506184
506285
506316
506596
506654
506696
506737
506763
506775
506925
507023
507184
507201
507238
507262
507273
507337
507420
507468
507532
507654
507798
507825
507834
507929
508068
508115
508120
508233
508246
508255
508335
508427
508442
508447
508492
508617
508694
508762
508852
508856
509030
509047
509053
509070
509112
509200
509274
509342
509508
509621
509623
509632
509710
509747
509834
509886
509962
509999
510307
510335
510603
510698
510738
510863
510969
510973
511192
511202
511236
511375
511478
511488
511503
511568
511798
511885
511939
512061
512066
512071
512180
512365
512369
512444
512546
512566
512707
512933
512937
513045
513163
513232
513399
513469
513598
513729
513750
513766
513845
513856
513917
514036
514208
514360
514376
514397
514524
514654
514869
514874
514879
514895
515014
515130
515150
515344
515378
515462
515486
515494
515515
515571
515598
515662
515669
515701
515971
515990
516040
516159
516343
516363
516434
516453
516517
516537
516596
516625
516635
516640
516686
516834
516901
516914
517021
517129
517300
517312
517332
517353
517509
517539
517684
517804
518000
518132
518227
518437
518623
518640
518686
518855
518975
519024
519052
519163
519192
519230
519259
519349
519457
519541
519651
519791
519829
519904
519956
519972
520026
520086
520122
520146
520298
520380
520458
520608
520720
520883
520929
521018
521107
521205
521290
521355
521438
521563
521688
521865
521901
522038
522116
522132
522173
522391
522418
522560
522570
522649
522909
522928
523073
523096
523160
523167
523200
523299
523328
523405
523415
523511
523567
523577
523640
523702
523750
523934
523947
523969
524016
524104
524114
524155
524212
524323
524468
524558
524573
524677
524705
524717
524807
524898
525005
525040
525083
525168
525193
525195
525262
525400
525447
525459
525473
525484
525493
525520
525713
525724
526024
526089
526352
526364
526439
526455
526461
526502
526511
526664
526715
526731
526883
526916
526979
527065
527119
527142
527174
527232
527471
527569
527592
527600
527771
527789
527796
527804
527871
527973
528008
528058
528120
528178
528295
528347
528396
528522
528585
528587
528598
528623
528751
529037
529237
529287
529309
529476
529480
529493
529524
529621
529785
529795
529829
529845
529955
530055
530067
530115
530223
530256
530336
530436
530473
530504
530538
530545
530584
530775
530817
530878
530885
530927
530999
531076
531464
531468
531689
531765
531807
531820
531824
531908
531944
531987
532010
532226
532372
532574
532860
532882
532892
533000
533263
533370
533540
533597
533929
534042
534104
534170
534277
534352
534428
534569
534599
534873
534890
534931
534939
535077
535117
535222
535239
535333
535429
535452
535683
535733
535870
535899
536064
536209
536291
536296
536325
536349
536372
536413
536453
536469
536472
536498
536672
536683
536836
536889
536970
536975
537035
537092
537135
537330
537368
537371
537499
537557
537640
537697
537731
537788
537886
538005
538024
538222
538260
538286
538451
538473
538497
538552
538944
539151
539419
539454
539466
539476
539502
539525
539680
539733
539764
539820
539923
539992
540068
540071
540078
540100
540107
540227
540388
540552
540763
540841
540903
540999
541139
541194
541245
541491
541718
541756
541768
541805
542002
542004
542073
542101
542156
542213
542221
542285
542290
542513
542535
542546
542676
542729
542748
542751
542762
542907
542935
543009
543033
543069
543349
543503
543535
543588
543727
543916
543962
543966
544048
544111
544129
544142
544177
544490
544846
544853
544931
544960
545000
545142
545151
545304
545331
545378
545746
545783
545867
545935
545964
545969
546084
546120
546236
546287
546322
546362
546395
546432
546517
546657
546680
546686
546754
546776
546902
546921
546937
546970
547180
547206
547254
547368
547444
547462
547516
547539
547546
547586
547591
547740
547980
548126
548151
548210
548427
548474
548641
548803
548906
548944
549049
549159
549200
549247
549302
549339
549369
549404
549612
549678
549697
549700
549866
549880
549998
550012
550039
550170
550241
550292
550342
550444
550747
550754
550783
550844
550859
550935
551257
551310
551328
551344
551511
551555
551566
551609
551743
551770
551934
552020
552023
552326
552336
552408
552775
552829
552839
552923
552955
553050
553068
553177
553243
553292
553438
553581
553584
553615
553941
553956
554039
554065
554088
554223
554254
554303
554373
554395
554409
554455
554495
554503
554506
554573
554635
555063
555093
555107
555144
555147
555203
555240
555303
555454
555575
555598
555728
555839
555913
556016
556038
556058
556074
556185
556246
556378
556599
556620
556660
556693
556836
557092
557096
557109
557220
557353
557376
557491
557506
557551
557687
557794
557839
557935
557959
558081
558104
558184
558218
558382
558422
558537
558656
558703
558742
558790
558899
559076
559082
559090
559481
559608
559829
559892
559900
559939
559979
560000
560019
560047
560097
560107
560189
560332
560342
560904
561048
561081
561087
561202
561321
561349
561363
561387
561535
561539
561734
561759
561909
561925
561976
562024
562398
562432
562458
562507
562516
562567
562583
562590
562770
562779
562872
562919
563049
563182
563227
563324
563493
563620
563635
564052
564117
564174
564233
564247
564275
564388
564419
564430
564847
564894
565067
565104
565118
565175
565198
565294
565337
565378
565424
565453
565493
565534
565729
565869
565883
565961
565969
565986
566069
566178
566266
566355
566481
566493
566508
566513
566536
566585
566590
566608
566642
566801
566887
566935
567014
567176
567249
567384
567386
567510
567772
567805
567883
567994
568026
568070
568192
568290
568299
568513
568528
568625
568646
568793
568887
569078
569117
569351
569374
569494
569554
569658
569669
569717
569773
569864
570068
570174
570206
570236
570306
570448
570639
570725
570835
570893
570997
571047
571095
571200
571262
571303
571333
571433
571546
571614
571672
571686
571714
571826
571839
571945
572142
572147
572294
572309
572450
572543
572595
572783
572853
573048
573084
573116
573211
573226
573251
573493
573538
573603
573650
573727
573741
573807
573814
573915
574087
574130
574434
574448
574605
574836
574880
575268
575594
575625
575708
575884
575922
576078
576265
576276
576322
576549
576681
576725
576743
576758
576901
577091
577396
577462
577537
577965
578068
578121
578131
578158
578289
578307
578469
578565
578672
578747
578768
578865
579034
579055
579126
579252
579300
579441
579450
579521
579560
579625
579691
579705
579731
579752
579791
579810
579865
579899
580070
580137
580175
580191
580196
580275
580288
580395
580459
580713
580755
580769
580996
581107
581128
581171
581206
581216
581323
581577
581626
581659
581679
581758
581809
581822
581853
581872
581888
581989
582008
582010
582029
582037
582086
582111
582238
582296
582338
582372
582388
582555
582748
582801
582819
582901
582972
582974
582990
583058
583089
583540
583807
583826
583900
584022
584134
584144
584184
584193
584221
584322
584325
584368
584452
584501
584610
584656
584666
584780
585126
585153
585245
585276
585298
585302
585394
585462
585477
585560
585667
585803
585880
585910
586046
586391
586549
586738
587006
587063
587222
587224
587241
587419
587550
587654
587676
587773
587852
588012
588127
588156
588177
588207
588631
588645
588685
588781
588798
588813
588866
589098
589208
589394
589451
589453
589589
589608
589628
589649
589898
589929
589953
589964
590007
590044
590061
590164
590167
590245
590394
590598
590701
590789
590906
590999
591043
591056
591067
591072
591151
591189
591248
591250
591272
591290
591292
591496
591499
591503
591578
591605
591745
591972
592076
592104
592117
592168
592346
592584
592664
592779
592789
592865
593033
593105
593204
593266
593363
593424
593546
593585
593768
593853
593983
594050
594132
594252
594301
594343
594382
594446
594472
594482
594531
594550
594632
594705
594786
594919
595073
595112
595282
595338
595533
595608
595679
595701
595992
596215
596261
596347
596391
596463
596650
596710
596933
596940
597081
597163
597561
597595
597784
597867
597874
597965
598087
598091
598122
598212
598268
598275
598299
598330
598440
598567
598658
598686
598696
599012
599069
599108
599330
599561
599615
599619
599666
599671
599714
599852
599923
599949
599958
600119
600214
600245
600341
600346
600349
600407
600617
600838
600850
600858
601156
601267
601518
601590
601890
601970
602024
602044
602069
602220
602238
602300
602456
602506
602544
602863
602879
602973
603016
603035
603121
603149
603157
603442
603464
603561
603607
603655
603688
603748
603775
603824
603846
603851
603864
603883
603994
604082
604462
604493
604561
604820
604901
604906
604934
604998
605063
605094
605197
605317
605338
605652
605697
605888
605902
605920
605995
606116
606136
606218
606282
606337
606441
606549
606759
606787
606924
606929
606964
606988
607009
607053
607062
607363
607383
607413
607453
607469
607512
607528
607613
607656
607683
607822
607893
607897
607942
608036
608105
608201
608361
608531
608541
608558
608672
608736
608773
608815
608843
608865
608874
608946
608957
608965
608993
609073
609094
609106
609122
609224
609264
609282
609325
609410
609525
609626
609709
609713
609735
609752
609779
609866
609873
609960
610016
610052
610073
610156
610222
610263
610332
610359
610528
610531
610624
610629
610691
610730
610787
610845
611008
611076
611116
611173
611283
611317
611361
611445
611569
611592
611626
611663
611860
611888
611957
611980
612065
612157
612204
612225
612256
612290
612428
612508
612574
612811
612836
612861
612950
613092
613178
613207
613321
613538
613731
613831
613871
613951
614444
614508
614596
614658
614662
614665
614670
614683
614808
614816
614948
615044
615099
615220
615259
615422
615445
615471
615572
615615
615933
615985
616003
616186
616205
616318
616411
616504
616606
616627
616802
616870
617050
617100
617117
617129
617205
617432
617499
617522
617575
617689
617718
617744
617911
618011
618198
618215
618269
618288
618325
618464
618508
618523
618575
618612
618636
618703
618860
618876
618979
619144
619565
619629
619700
619710
619715
619738
619877
619982
619994
620050
620145
620160
620210
620243
620301
620331
620388
620705
620805
620906
620921
620971
621031
621199
621296
621323
621387
621472
621487
621524
621897
621948
622008
622033
622112
622196
622220
622239
622256
622282
622428
622442
622497
622514
622544
622623
622699
622701
622866
622921
622982
623013
623027
623192
623257
623293
623332
623382
623471
623507
623655
623787
623916
624130
624137
624356
624520
624644
624694
624893
624940
625039
625074
625085
625109
625128
625142
625280
625560
625605
625609
625707
625809
625878
625946
625983
626051
626079
626092
626258
626287
626308
626325
626495
626643
626763
626794
626846
626915
627452
627633
627647
627843
627909
627912
628026
628064
628072
628092
628127
628238
628347
628504
628593
628612
628622
628862
629215
629268
629272
629318
629415
629423
629471
629682
629698
629717
629996
630017
630154
630277
630382
630411
630469
630486
630600
630635
630738
630745
630899
630917
631010
631025
631034
631078
631131
631202
631275
631340
631373
631477
631522
631633
631719
631737
631821
631891
632028
632030
632111
632118
632219
632272
632306
632340
632390
632617
632623
632639
632645
632647
632664
632762
632770
632815
632861
633046
633095
633126
633213
633229
633372
633393
633496
633501
633505
633516
633541
633556
633607
633679
633730
633734
633874
633944
634102
634127
634144
634198
634294
634411
634456
634570
634725
634803
634840
634888
634998
635024
635099
635356
635407
635433
635509
635587
635608
635954
636009
636046
636048
636178
636212
636271
636340
636482
636907
637118
637172
637316
637379
637392
637468
637477
637524
637567
637587
637612
637689
637772
637810
637824
637899
637988
638003
638010
638052
638082
638084
638188
638321
638600
638713
638923
639030
639067
639190
639224
639228
639272
639289
639299
639343
639444
639521
639556
639826
639909
640186
640217
640265
640358
640408
640541
640691
640782
640949
641011
641230
641241
641371
641426
641564
641592
641621
641690
641924
641945
641975
642045
642109
642135
642233
642255
642264
642327
642366
642409
642546
642550
642557
642728
642768
642774
642777
642894
642935
642943
642989
643139
643142
643273
643323
643372
643384
643752
643857
643886
644002
644082
644114
644270
644284
644309
644379
644400
644415
644447
644478
644487
644495
644556
644601
644685
644927
645036
645083
645107
645149
645169
645285
645329
645356
645482
645491
645543
645704
645788
645903
645947
645983
646013
646037
646131
646193
646215
646330
646382
646515
646688
646691
646900
646999
647006
647251
647267
647283
647288
647341
647449
647493
647532
647537
647569
647649
647684
647772
647804
647874
647955
648007
648047
648125
648298
648323
648346
648402
648518
648597
648602
648742
649005
649213
649220
649303
649324
649348
649465
649509
649527
649575
649790
649824
649948
650045
650125
650158
650176
650221
650280
650360
650433
650445
650488
650638
650684
650707
650711
650783
650896
651045
651298
651317
651366
651438
651569
651598
651623
651737
651773
652130
652277
652292
652335
652413
652420
652468
652485
652536
652585
652742
652821
652982
653032
653110
653112
653167
653358
653421
653467
653613
653675
653720
653760
653822
653896
653989
654141
654157
654177
654257
654359
654446
654483
654538
654578
654586
654592
654597
654636
654709
654775
654822
654890
654926
654974
654981
655322
655606
655670
655758
655987
656097
656102
656127
656284
656288
656301
656454
656472
656476
656530
656546
656662
656681
656706
656921
656966
656987
657023
657062
657081
657217
657234
657240
657257
657275
657295
657302
657308
657434
657514
657545
657643
657766
657792
657859
657882
657906
657911
657942
658017
658144
658167
658303
658438
658488
658663
658765
658913
658917
658922
659180
659217
659419
659604
659731
659735
659746
659790
659802
659853
659984
660079
660108
660128
660183
660192
660194
660221
660307
660447
660457
660486
660495
660536
660591
660596
660625
660652
660661
660886
660926
660976
661017
661029
661031
661101
661387
661521
661675
661689
661841
662073
662083
662169
662216
662218
662281
662436
662459
662591
662807
662916
662923
663071
663172
663252
663261
663306
663335
663476
663517
663566
663619
663653
663704
663978
664173
664218
664237
664355
664440
664484
664543
664553
664968
665161
665182
665184
665244
665304
665412
665521
665628
665658
665774
665901
665977
665994
666083
666211
666352
666558
666783
666863
666952
666970
666998
667161
667167
667238
667242
667276
667337
667357
667453
667580
667588
667597
667619
667681
667700
667716
667893
667897
667918
668075
668123
668179
668263
668339
668473
668482
668715
668719
668775
668801
668887
668919
669071
669112
669159
669278
669292
669362
669425
669549
669620
669766
669780
669880
669907
670017
670162
670179
670293
670308
670399
670474
670580
670612
670679
670722
670753
670914
670959
671258
671267
671462
671537
671616
671705
671773
671963
671983
672050
672333
672340
672350
672359
672400
672440
672667
672694
672711
672734
672759
672830
672926
672933
672937
672975
673014
673136
673138
673174
673192
673217
673445
673500
673689
673737
673783
673929
673996
674036
674046
674075
674266
674302
674393
674398
674520
674626
674776
674800
674855
675116
675178
675226
675229
675331
675336
675443
675555
675600
675604
675608
675620
675796
675815
675833
675837
675879
675972
676067
676183
676187
676294
676319
676429
676474
676547
676729
676775
676941
677019
677156
677203
677226
677237
677359
677461
677603
677715
677739
677923
677994
678005
678046
678151
678211
678217
678275
678291
678567
678641
678940
679016
679026
679123
679139
679163
679240
679264
679317
679327
679513
679671
679857
679914
679919
679933
679990
680061
680130
680299
680546
680645
680650
680919
680988
680999
681015
681041
681051
681078
681140
681172
681182
681212
681343
681467
681649
681842
681994
682080
682151
682273
682460
682510
682617
682639
682669
682920
682957
683020
683112
683171
683292
683345
683749
683764
683864
683880
684032
684041
684091
684217
684290
684486
684509
684629
684718
684741
685328
685332
685342
685355
685419
685522
685569
685579
685646
685765
685934
686204
686312
686406
686435
686467
686603
686811
686833
686842
686958
687002
687038
687076
687176
687297
687458
687545
687596
687667
687857
687897
687899
687956
688033
688058
688249
688270
688335
688504
688512
688722
688848
688948
689106
689122
689190
689315
689408
689830
689884
690058
690113
690128
690398
690440
690515
690705
690721
690755
690972
691019
691295
691486
691563
691568
691593
691684
691779
691920
692243
692345
692491
692625
692657
692685
692726
693086
693144
693180
693302
693339
693370
693418
693747
693845
693925
694053
694069
694202
694213
694321
694393
694404
694478
694736
694825
694884
694912
695039
695201
695280
695344
695367
695495
695516
695542
695582
695612
695807
695841
695874
695896
695976
695996
696047
696076
696085
696154
696178
696214
696264
696285
696313
696409
696429
696443
696656
696767
696897
696918
696963
696976
697004
697034
697120
697151
697409
697573
697665
697891
698064
698110
698160
698183
698348
698510
698747
698805
698823
698908
698964
699014
699061
699118
699246
699386
699703
699781
699914
699955
699958
700075
700150
700352
700404
700419
700452
700461
700558
700592
700791
700882
700886
700912
701088
701526
701549
701565
701586
701648
701886
702157
702219
702221
702292
702334
702577
702580
702598
702696
702701
702733
702745
702882
702966
702971
703027
703063
703213
703230
703269
703316
703354
703538
703593
703627
703730
703770
703794
703864
703866
703996
704012
704213
704293
704389
704405
704416
704436
704525
704559
704855
704868
704959
705145
705148
705187
705248
705276
705306
705315
705329
705366
705479
705534
705840
706001
706009
706105
706187
706200
706254
706258
706310
706378
706482
706517
706555
706619
706924
706942
707191
707374
707497
707591
707610
707649
707716
707786
708050
708110
708197
708223
708251
708349
708412
708423
708539
708563
708775
708806
708901
708903
708992
709147
709164
709250
709272
709311
709319
709402
709447
709655
709822
709910
710041
710045
710061
710098
710166
710204
710217
710269
710361
710440
710481
710502
710565
710623
710689
710712
710806
710858
710895
710956
711235
711303
711353
711418
711475
711487
711553
711631
711742
711882
712095
712158
712215
712259
712384
712397
712411
712516
712535
712753
712831
712877
712903
712908
712937
712942
712953
712976
713057
713143
713153
713261
713285
713328
713348
713358
713576
713654
713751
713755
713788
713848
713940
714244
714379
714392
714451
714469
714567
715057
715066
715154
715372
715472
715528
715638
715886
715913
716034
716126
716172
716226
716322
716352
716545
716563
716603
716690
716734
716736
716748
716761
716860
717076
717128
717240
717300
717327
717368
717521
717531
717672
717722
717832
717979
718188
718233
718295
718373
718459
718557
718712
718725
718754
718902
718945
718962
719015
719025
719087
719089
719232
719270
719277
719280
719362
719520
719572
719593
719606
719630
719767
719814
719836
719961
720031
720320
720348
720356
720379
720480
720498
720596
720627
720633
720848
720866
720951
721268
721376
721493
721552
721557
721631
721640
721702
721940
721969
722055
722135
722139
722162
722300
722321
722342
722378
722524
722610
722615
722635
722731
722868
722873
722941
722945
722967
722992
723007
723114
723224
723241
723252
723401
723424
723488
723501
723519
723531
723585
723881
723940
723979
724017
724238
724281
724313
724345
724479
724483
724516
724522
724575
724912
725032
725063
725268
725297
725325
725360
725386
725393
725680
725696
725709
725859
725915
725923
725955
726004
726051
726158
726201
726206
726316
726356
726507
726531
726568
726595
726712
726750
726775
726848
726931
727154
727227
727244
727253
727309
727321
727486
727621
727681
727688
727757
727789
727833
727897
727960
728018
728025
728213
728302
728421
728530
728624
728726
728743
728747
728842
728886
728942
729076
729286
729316
729450
729701
729714
729849
729867
729884
730011
730020
730091
730134
730229
730591
730661
730682
731082
731125
731159
731176
731214
731319
731409
731553
731599
731775
731815
731849
731877
732034
732061
732081
732118
732181
732194
732315
732398
732483
732872
733136
733300
733343
733350
733379
733542
733599
733611
733956
733996
734005
734026
734046
734135
734319
734337
734440
734555
734576
734636
734805
734847
734926
735060
735085
735112
735118
735135
735311
735356
735368
735458
735463
735593
735849
735929
735931
736014
736087
736301
736319
736391
736409
736481
736544
736709
736764
736806
736906
736943
736959
737055
737058
737145
737175
737328
737332
737340
737373
737574
737675
737713
737931
737944
738040
738134
738262
738286
738302
738410
738590
738659
738988
739024
739111
739249
739281
739287
739417
739449
739481
739520
739584
739639
739682
739778
739923
740035
740056
740241
740285
740379
740421
740444
740621
740625
740668
740711
740743
740755
740764
740798
740805
740928
740959
741045
741171
741324
741334
741385
741430
741502
741555
741573
741627
741670
741728
741772
741886
741919
742001
742125
742147
742173
742411
742434
742595
742653
742685
742733
742789
742914
742950
743075
743236
743278
743483
743535
743553
743714
743859
743973
744195
744203
744278
744355
744379
744465
744575
744669
744718
744738
744740
744799
744911
744976
745076
745100
745149
745198
745213
745228
745392
745396
745459
745523
745556
745631
745634
745675
745803
745898
746547
746549
746623
746740
746742
746805
746822
746978
747014
747204
747208
747252
747291
747331
747405
747418
747564
747629
747721
747876
748257
748579
748705
748774
748850
748852
748859
748992
749052
749209
749215
749321
749355
749436
749481
749548
749561
749675
749688
749730
749889
749947
750098
750169
750257
750460
750477
750522
750534
750550
750560
750619
750721
750760
750832
750916
751051
751075
751166
751172
751341
751452
751576
751580
751690
751814
751844
751876
752102
752217
752264
752370
752411
752449
752558
752662
752752
752822
752858
752901
753189
753206
753300
753320
753354
753471
753507
753563
753632
753684
753717
753803
753882
754021
754065
754134
754165
754243
754261
754533
754540
754554
754566
754580
754593
754598
754699
754703
754813
754894
754918
755009
755090
755123
755141
755147
755161
755184
755212
755248
755269
755301
755332
755358
755624
755804
755810
755959
756000
756111
756320
756378
756403
756429
756516
756534
756609
756665
756716
756730
756812
756823
757278
757280
757430
757512
757578
757632
757795
757909
758012
758057
758127
758170
758386
758423
758693
758742
758879
758907
758919
758934
758943
759070
759074
759153
759199
759216
759318
759431
759461
759530
759665
759667
759671
759740
759876
759923
760032
760035
760057
760094
760307
760381
760456
760506
760542
760733
761008
761071
761094
761180
761296
761448
761465
761541
761577
761607
761633
761786
761808
761838
761998
762023
762191
762264
762269
762346
762365
762385
762548
762620
762656
762700
762743
762756
762815
763021
763073
763157
763352
763574
763584
763601
763634
763679
763754
763770
763852
763897
763998
764171
764205
764308
764362
764427
764432
764532
764780
764785
764864
764884
764895
764920
764980
765005
765081
765092
765155
765250
765353
765410
765426
765501
765529
765564
765627
765732
765759
765798
765935
766027
766084
766353
766386
766404
766495
766535
766594
766620
766657
766702
766736
766759
767128
767234
767363
767368
767486
767502
767542
767559
767615
767739
767836
768212
768247
768383
768463
768596
768690
768715
768760
768765
768832
768848
768903
768922
768925
768948
768994
769028
769187
769261
769277
769386
769564
769569
769589
769600
769642
769832
769845
769890
770073
770222
770283
770296
770299
770309
770374
770393
770422
770481
770509
770538
770666
770851
770878
770893
770954
771010
771021
771070
771178
771282
771336
771356
771460
771508
771672
771688
771757
771877
772083
772161
772387
772401
772476
772594
772653
772693
772713
772878
772890
773099
773185
773278
773305
773340
773378
773396
773438
773562
773576
773796
773835
773875
774022
774096
774105
774150
774160
774352
774378
774459
774617
774649
774724
774777
774838
774892
775007
775054
775074
775281
775301
775325
775360
775398
775457
775471
775578
775595
775669
775724
775757
775919
776148
776221
776291
776480
776482
776526
776543
776616
776701
776760
776844
776930
776935
776972
777183
777262
777283
777299
777491
777569
777617
777728
777776
777824
778019
778086
778115
778215
778317
778371
778379
778396
778499
778637
778659
778732
778827
778892
778967
779107
779327
779372
779414
779471
779483
779566
779582
779673
779788
779970
780001
780056
780067
780257
780491
780632
780837
780953
781039
781135
781166
781257
781274
781309
781330
781600
781605
781662
781675
781680
781689
781771
781949
782463
782666
782888
783018
783093
783385
783397
783578
783801
784287
784579
784599
784604
784657
784667
784682
784702
784823
784954
785044
785102
785116
785155
785295
785351
785459
785464
785467
785470
785537
785815
785819
785922
785953
785960
785987
786119
786156
786321
786350
786519
786770
786807
786855
787024
787101
787123
787341
787344
787360
787408
787806
787879
788035
788256
788401
788427
788516
788595
788809
788892
788981
789009
789070
789210
789273
789280
789460
789503
789507
789596
789682
789785
789806
789835
790077
790107
790158
790319
790572
790720
790739
790905
791011
791071
791254
791311
791359
791363
791447
791542
791575
791939
792038
792147
792200
792268
792342
792396
792688
792728
792762
792820
792910
792934
792962
793056
793092
793124
793127
793280
793333
793571
793591
793646
793649
793655
793774
793855
793857
794122
794201
794221
794243
794495
794565
794603
794647
794721
794803
794896
794958
794983
795007
795037
795144
795147
795192
795201
795269
795396
795671
795717
795751
795854
795931
795940
795982
796025
796094
796112
796184
796492
796539
796628
796635
796786
796807
796954
796969
796973
796982
797080
797257
797260
797312
797320
797327
797350
797616
797652
797808
797871
797970
798026
798154
798218
798530
798593
798649
798685
798798
798818
798867
799220
799612
799642
799644
799712
799718
799864
799894
799982
799985
800000
800237
800294
800319
800336
800402
800416
800449
800499
800506
800577
800593
800726
800742
800816
800820
800835
800840
800857
800912
801094
801167
801206
801231
801255
801588
801711
801738
801768
801838
801840
801907
801931
801969
802074
802191
802282
802518
802589
802615
802646
802692
802772
802802
802941
802994
803055
803187
803214
803281
803580
803789
803898
803928
803982
803995
804011
804075
804131
804153
804293
804345
804381
804511
804552
804565
804682
804738
804839
804902
804905
804924
805295
805477
805583
805598
805675
805715
805789
805914
806066
806084
806261
806267
806280
806419
806464
806515
806564
806678
806687
806791
806838
806867
806984
806994
807196
807209
807315
807469
807569
807589
807593
807628
807644
807654
807706
807788
807802
807844
807958
808300
808305
808311
808472
808530
808830
808987
809279
809504
809522
809703
809707
809709
809811
809954
810093
810184
810218
810256
810309
810485
810529
810660
810781
810906
810915
811096
811269
811285
811325
811373
811380
811457
811577
811709
811753
811825
811902
811924
811926
811935
811944
811996
812043
812086
812143
812407
812469
812620
812651
812662
812698
812713
812748
812799
812868
812884
812890
812904
812926
813226
813229
813347
813363
813448
813450
813565
813742
813768
813912
814050
814089
814107
814221
814272
814302
814314
814545
814592
814604
814814
814844
814861
814959
814996
815039
815054
815136
815185
815226
815332
815361
815389
815479
815483
815491
815527
815544
815671
815884
815920
816027
816121
816162
816197
816234
816282
816390
816634
816685
816695
816743
816756
817084
817108
817185
817199
817203
817417
817599
817700
817796
817858
817872
817900
817926
817998
818078
818142
818146
818264
818347
818470
818474
818514
818550
818562
818569
818619
818637
818716
818796
818936
819032
819146
819306
819368
819490
819533
819565
819584
819831
819892
819943
820081
820167
820210
820294
820298
820394
820493
820496
820618
820723
820823
820958
821110
821193
821214
821365
821385
821477
821621
821632
821684
821918
821954
822153
822266
822427
822511
822721
822789
822875
822894
823025
823071
823076
823320
823389
823398
823405
823503
823600
823756
823765
823833
823957
823999
824455
824474
824847
824935
824996
825035
825060
825166
825186
825229
825296
825299
825319
825324
825485
825640
825649
825654
825678
825797
825875
825883
825902
825919
826023
826036
826150
826168
826205
826260
826274
826290
826313
826374
826406
826593
826889
826928
826934
826975
827094
827111
827292
827310
827381
827412
827499
827539
827597
827629
827670
827751
827888
827912
827992
828091
828162
828218
828231
828332
828499
828504
828513
828630
828742
828765
828797
828868
828871
828941
828978
829033
829039
829141
829454
829499
829699
829707
829772
829830
829893
829905
829927
829958
830090
830327
830431
830433
830458
830467
830510
830578
830745
830748
830862
830933
831225
831250
831291
831619
831633
831665
831775
831784
831802
831831
831843
831864
831909
831936
831943
831966
832005
832067
832233
832245
832402
832417
832448
832460
832538
832547
832569
832635
832653
832704
832783
832837
832880
833026
833107
833211
833259
833313
833461
833622
833736
833768
833780
833815
833969
834014
834207
834266
834297
834332
834422
834430
834528
834571
834575
834593
834651
834660
834710
834797
834869
835003
835024
835170
835186
835204
835241
835249
835257
835431
835505
835578
835613
835757
835778
835874
835902
835971
835987
836097
836156
836216
836369
836421
836442
836458
836641
836800
836838
836856
836869
837135
837248
837289
837311
837330
837423
837472
837541
837746
837776
837792
837868
837889
837918
838075
838169
838240
838454
838465
838753
838794
838821
838825
838893
839066
839099
839117
839165
839249
839331
839357
839408
839435
839516
839645
839682
839730
840058
840065
840092
840127
840143
840197
840209
840231
840243
840259
840301
840322
840332
840367
840420
840490
840522
840528
840532
840629
840644
840673
840693
840736
840796
840838
840873
840929
840985
841022
841053
841167
841299
841415
841515
841670
841988
841991
842166
842285
842327
842334
842432
842454
842470
842638
842686
842755
842769
842847
842914
842932
843066
843253
843306
843597
843641
843891
843925
844082
844164
844361
844400
844451
844476
844500
844629
844634
844841
845034
845121
845125
845167
845227
845296
845314
845330
845428
845452
845517
845533
845660
845910
845937
845942
846199
846211
846272
846312
846336
846347
846352
846357
846423
846474
846610
846780
846844
846881
847151
847184
847186
847257
847269
847370
847417
847442
847474
847534
847559
847648
847793
847803
847915
848022
848064
848218
848237
848483
848788
848913
848931
849035
849068
849074
849113
849123
849203
849208
849297
849321
849359
849502
849593
849745
849881
850004
850011
850035
850179
850272
850332
850375
850554
850588
850704
850716
850843
850940
850996
851065
851159
851306
851335
851362
851424
851517
851696
851733
851927
852052
852070
852118
852162
852300
852314
852319
852337
852395
852476
852571
852762
852783
852791
852798
852955
852960
852966
852986
853010
853020
853061
853150
853184
853283
853439
853593
853683
853694
853703
853730
853777
853791
854079
854116
854151
854284
854453
854541
854835
854980
855002
855125
855130
855182
855223
855256
855303
855341
855356
855436
855441
855787
855868
855926
855965
856029
856073
856082
856143
856161
856258
856305
856369
856638
856733
856766
856868
856896
856907
856994
857151
857295
857301
857317
857327
857384
857448
857524
857574
857648
857801
857818
857835
857880
857883
857918
857949
858040
858120
858246
858262
858548
858552
858759
858846
858893
858945
859018
859054
859248
859486
859508
859617
859621
859662
859712
859740
859766
859870
859884
860118
860405
860565
860692
860899
860923
860959
861090
861140
861229
861236
861260
861269
861341
861408
861416
861483
861496
861527
861550
861554
861581
861586
861595
861671
861687
861742
861777
861812
861854
861956
861964
862343
862382
862425
862674
862849
862874
862912
863120
863132
863271
863322
863371
863374
863543
863723
863833
863872
864019
864035
864052
864222
864294
864360
864397
864482
864558
864796
864855
864865
864927
864970
865086
865220
865300
865503
865629
865727
865865
866013
866110
866173
866194
866214
866395
866440
866510
866526
866649
866664
866690
866742
866745
867182
867187
867236
867250
867302
867422
867498
867589
867667
867671
867802
867895
868174
868303
868344
868384
868388
868442
868550
868594
868626
868775
868808
868811
869018
869028
869239
869300
869402
869452
869502
869533
869667
869812
869840
869883
869933
869941
869963
869970
870115
870127
870232
870415
870426
870505
870525
870610
870626
870660
870736
870907
871001
871191
871340
871375
871543
871626
871703
871723
871802
872062
872129
872201
872235
872367
872594
872629
872650
872752
872863
872921
872959
872994
873016
873037
873094
873262
873326
873329
873333
873470
873482
873615
873995
874142
874162
874171
874270
874414
874484
874571
874616
874662
874716
874731
874856
874869
874878
874893
875104
875149
875227
875354
875457
875488
875593
875764
875944
875960
876006
876025
876029
876225
876236
876324
876488
876548
876682
876793
876979
877012
877033
877130
877268
877370
877387
877647
877654
877672
877815
877845
878034
878066
878197
878259
878740
878778
879024
879030
879059
879141
879158
879202
879234
879386
879444
879800
879812
879924
880031
880083
880103
880131
880229
880253
880327
880485
880632
880637
880718
880862
880976
881004
881265
881297
881363
881471
881519
881539
881682
881693
881697
881737
881957
882016
882123
882142
882153
882162
882194
882216
882230
882239
882266
882337
882348
882393
882403
882468
882713
882762
882773
882801
882916
882929
883020
883063
883103
883132
883178
883248
883252
883276
883328
883415
883432
883440
883552
883665
883812
883823
883983
884014
884075
884184
884242
884288
884342
884552
884616
884692
884861
884923
884989
885030
885105
885109
885207
885230
885257
885356
885373
885526
885547
885592
885696
885750
885796
885820
885941
886070
886257
886274
886308
886383
886528
886575
886590
886661
886810
886832
886843
886851
886918
887048
887094
887251
887459
887520
887639
887969
888074
888148
888198
888205
888224
888329
888344
888350
888381
888435
888438
888473
888617
888945
889033
889068
889167
889171
889181
889252
889358
889397
889401
889421
889625
889640
889652
889720
889745
889870
889957
889995
890163
890306
890327
890447
890529
890570
890589
890650
890754
890757
890822
890880
890945
891066
891087
891206
891218
891343
891481
891483
891537
891702
891712
891823
891931
891933
891938
891984
892136
892219
892239
892274
892413
892429
892485
892488
892531
892540
892701
892941
893041
893076
893082
893110
893266
893270
893297
893359
893388
893482
893487
893557
893608
893631
893784
893898
893948
893954
893989
894076
894101
894133
894159
894255
894425
894430
894466
894472
894482
894746
894781
894812
894923
895061
895087
895106
895148
895180
895495
895513
895580
895592
895596
895665
895822
895930
896201
896359
896447
896550
896600
896605
896663
896679
896694
896773
896824
896854
896986
897001
897017
897026
897525
897585
897602
897657
897674
897768
898070
898221
898408
898425
898454
898608
898638
898656
898741
898746
898798
898820
898824
898943
898976
899018
899020
899160
899188
899303
899324
899348
899422
899586
899659
899703
899876
899921
900066
900085
900109
900152
900186
900296
900330
900399
900446
900519
900542
900555
900852
900882
901216
901286
901356
901381
901542
901556
901649
901696
901741
901793
901840
901915
901973
902067
902128
902330
902339
902358
902389
902447
902528
902575
902580
902609
902644
902729
902736
902749
902760
902906
902975
903046
903090
903125
903139
903237
903352
903370
903383
903492
903968
903978
904001
904167
904349
904372
904379
904408
904654
904700
904713
904829
905208
905250
905307
905421
905569
905594
905719
905748
905828
905939
906001
906033
906077
906100
906163
906184
906244
906271
906464
906498
906604
906658
906820
906916
906943
907078
907428
907472
907524
907676
907791
907963
907993
908020
908023
908263
908335
908339
908345
908348
908360
908481
908536
908647
908660
908753
908896
908923
908945
909061
909091
909117
909157
909265
909740
909927
909939
910009
910041
910084
910119
910148
910164
910176
910301
910318
910325
910391
910476
910520
910606
910771
910778
910876
911095
911251
911320
911387
911708
911845
912163
912315
912348
912378
912384
912396
912398
912505
912558
912564
912644
912744
912843
912898
912915
913107
913148
913154
913245
913261
913291
913377
913472
913488
913535
913555
913710
913717
913819
913849
913918
914008
914027
914059
914141
914158
914240
914262
914272
914310
914408
914647
914757
914770
914838
914890
915268
915301
915317
915347
915474
915477
915549
915611
915726
915821
915916
915924
915932
915993
916142
916254
916465
916766
916860
916888
917024
917058
917073
917113
917287
917417
917428
917457
917640
917755
917861
917880
917978
918013
918034
918081
918092
918118
918155
918327
918410
918455
918501
918639
918694
918721
918865
918881
918905
918971
918989
919059
919078
919089
919265
919299
919332
919443
919452
919572
919617
919683
919837
920009
920052
920143
920269
920301
920420
920429
920457
920535
920620
920636
920652
920890
920896
920903
920990
921076
921101
921103
921192
921226
921240
921293
921302
921394
921420
921581
921600
921608
921618
921627
921646
921678
921700
921802
921837
921866
921989
922049
922150
922184
922193
922209
922304
922332
922401
922407
922435
922567
922669
922685
922828
922842
922911
923034
923099
923136
923138
923164
923288
923333
923338
923462
923624
923654
923685
923688
923698
923716
923820
923856
923918
923993
924120
924238
924301
924359
924398
924508
924560
924581
924594
924605
924893
924973
924993
925057
925170
925231
925307
925419
925445
925595
925720
925894
925898
925984
926005
926018
926033
926048
926140
926719
926741
927177
927182
927234
927249
927310
927374
927504
927573
927613
927622
927746
927768
927791
927825
927851
927882
927905
927914
928086
928150
928348
928516
928910
928972
929001
929040
929097
929115
929123
929134
929174
929196
929262
929310
929386
929414
929622
929787
929961
930138
930159
930236
930264
930551
930800
930807
930834
930853
930935
931216
931393
931443
931448
931497
931502
931702
931785
931899
931931
931959
931971
932000
932034
932347
932350
932373
932379
932389
932487
932699
932857
932876
932965
932977
933029
933093
933104
933167
933232
933284
933381
933457
933562
933578
933585
933657
933733
933793
933800
933900
933942
934067
934121
934194
934216
934290
934330
934370
934527
934626
934636
935132
935493
935721
935776
935807
935829
935874
935965
935973
936013
936085
936118
936173
936188
936265
936342
936395
936532
936566
936607
937037
937088
937109
937127
937260
937382
937458
937509
937519
937522
937745
937765
937855
937939
937984
938021
938045
938211
938249
938449
938574
938649
938671
938690
938723
938732
938776
938795
939089
939367
939415
939498
939621
939649
939666
939714
939751
939759
939926
939969
939989
940004
940047
940096
940116
940283
940335
940408
940422
940475
940536
940569
940600
940671
940730
940783
940941
940945
940991
941055
941292
941534
941581
941750
942014
942087
942145
942183
942244
942300
942314
942344
942361
942374
942490
942633
942721
942738
942884
943163
943289
943317
943398
943403
943488
943512
943520
943525
943559
943656
943693
943717
943949
944025
944064
944121
944152
944215
944383
944404
944418
944426
944461
944766
944796
945071
945189
945427
945502
945534
945616
945731
945734
945757
945769
945791
945802
945920
945951
946100
946124
946306
946390
946494
946506
946813
946819
946890
946918
946926
946942
947002
947007
947137
947248
947307
947406
947593
947784
947995
948015
948030
948032
948055
948092
948139
948373
948614
948642
948651
948654
948739
948777
948891
948933
948944
948999
949002
949049
949140
949219
949223
949270
949347
949403
949437
949589
949688
949828
949894
949921
949937
949962
950038
950189
950323
950404
950496
950582
950604
950691
950717
950751
950753
950759
950803
951058
951096
951129
951173
951239
951365
951396
951423
951500
951545
951590
951593
951719
951815
951947
952212
952270
952279
952383
952440
952501
952686
952701
952944
953079
953122
953172
953213
953276
953284
953396
953501
953540
953577
953656
953776
954019
954267
954388
954600
954629
954634
954695
954781
954794
954837
954914
954936
954940
954947
954957
954965
955216
955283
955396
955407
955463
955497
955521
955775
955813
955835
955871
955907
955974
956066
956334
956460
956495
956558
956627
956700
956720
956779
956851
957056
957059
957061
957171
957194
957204
957246
957262
957345
957417
957433
957495
957539
957589
957838
957867
958022
958192
958389
958625
958630
958690
958799
958991
959022
959040
959078
959192
959265
959390
959740
959797
959802
959901
959974
959979
960022
960135
960186
960223
960252
960282
960407
960481
960611
960644
960668
960710
960725
960798
960888
960924
960938
960940
961087
961116
961132
961159
961230
961349
961460
961488
961512
961554
961804
961818
961866
962037
962193
962264
962368
962416
962424
962639
962706
962711
962734
962757
962768
962771
962857
962888
963031
963084
963137
963140
963165
963186
963238
963249
963253
963261
963266
963439
963497
963677
963716
963766
963780
963817
963855
964058
964124
964229
964398
964521
964597
964676
964693
964696
964733
965039
965043
965069
965103
965114
965133
965251
965326
965350
965608
965653
965808
965821
965865
965988
966096
966109
966201
966254
966292
966444
966446
966551
966633
966781
966793
966960
967020
967120
967280
967300
967458
967482
967551
967648
967672
967746
967802
967819
967853
967934
967949
968337
968372
968406
968531
968652
968683
968734
968753
968789
968850
968897
968940
968951
968981
969039
969241
969272
969296
969372
969413
969513
969562
969580
969608
969694
969726
969775
969963
970018
970100
970265
970297
970376
970417
970500
970533
970584
970606
970689
970831
970880
970968
971135
971316
971361
971408
971447
971598
971614
971620
971764
972090
972163
972185
972321
972389
972650
972680
972716
972808
972824
973017
973113
973149
973153
973159
973214
973241
973382
973468
973522
973526
973702
973896
974016
974020
974205
974290
974323
974422
974498
974512
974558
974700
974781
974828
974854
974913
974919
974951
974956
975247
975289
975506
975526
975629
975735
975769
975773
975821
975872
975980
976120
976240
976327
976437
976469
976472
976497
976730
976851
976903
977037
977050
977052
977090
977102
977108
977177
977191
977302
977337
977425
977550
977591
977647
977683
977700
977732
977760
977879
977935
977977
977986
978018
978044
978132
978179
978395
978483
978487
978539
978546
978562
978624
978680
978798
978878
978924
978931
979000
979083
979183
979282
979342
979374
979792
979885
979897
979918
980075
980199
980419
980421
980545
980869
981060
981139
981295
981334
981486
981681
981770
981792
981798
981864
982076
982094
982130
982167
982215
982591
982672
982679
982683
982746
982765
982840
982865
982983
983007
983010
983243
983328
983350
983535
983594
983667
983706
983776
983788
983921
983970
983989
984170
984225
984239
984361
984372
984417
984438
984444
984462
984558
984620
984625
984675
984686
984766
984790
984836
984996
985212
985337
985486
985511
985540
985640
985655
985800
985810
985815
985871
985914
986218
986245
986343
986374
986407
986499
986547
986590
986644
986725
986932
986973
986994
987031
987090
987223
987313
987666
987675
987718
987731
987739
987849
987913
987984
988029
988049
988071
988114
988118
988149
988177
988189
988260
988496
988602
988673
988753
988765
988890
989055
989087
989165
989226
989469
989567
989615
989690
989743
989788
989832
989994
990016
990031
990116
990140
990144
990156
990184
990236
990302
990377
990398
990500
990813
990876
990891
990910
991162
991285
991297
991327
991358
991367
991409
991482
991497
991547
991644
991884
991925
991954
992067
992070
992189
992273
992281
992308
992333
992375
992556
992612
992900
992905
992990
993243
993379
993755
993809
993927
993936
993970
994151
994192
994270
994314
994344
994422
994444
994578
994711
994720
994784
994858
994960
995045
995072
995124
995244
995636
995739
995806
995820
995894
995990
996020
996022
996028
996054
996081
996159
996363
996367
996372
996430
996528
996592
996875
996947
997047
997079
997129
997185
997254
997449
997614
997660
997683
997685
997720
997736
997878
997910
998561
998640
998645
998750
998942
998982
999223
999233
999371
999440
999509
999513
999546
999566
999596
999639
999732
999740
999757
999770
999820
999847
999951
