18
33
175
186
199
270
281
532
646
677
704
768
776
827
860
965
982
1017
1072
1150
1331
1363
1510
1611
2209
2263
2374
2480
2521
2611
2684
2714
2726
2728
2758
2957
3004
3087
3108
3349
3368
3388
3502
3555
3623
3711
3726
3761
3973
4041
4063
4442
4537
4687
4737
4800
5142
5478
5482
5492
5726
5758
5929
5976
6017
6039
6174
6180
6219
6367
6372
6459
6469
6487
6513
6596
6606
6714
6729
6810
6838
7215
7234
7268
7324
7395
7404
7496
7651
7728
7769
7840
7936
8150
8204
8257
8378
8406
8516
8540
8994
9255
9304
9517
9578
9745
9822
9827
9924
9938
9999
10145
10293
10450
10563
10588
10594
10860
10896
10941
11000
11133
11201
11306
11431
11482
11531
11591
11643
11816
11936
11942
12086
12210
12241
12290
12384
12411
12571
12616
12632
12770
12795
12810
12834
12910
12960
13068
13076
13248
13362
13433
13459
13492
13504
13690
13726
13768
13806
13945
13968
13985
14097
14244
14273
14279
14290
14340
14620
14724
14882
14905
15158
15220
15299
15329
15413
15434
15437
15458
15494
15503
15518
15727
15765
15935
16233
16434
16456
16474
16512
16747
17062
17148
17327
17389
17441
17578
17722
17740
17771
17993
18033
18145
18221
18234
18360
18392
18502
18601
18724
18734
18806
18982
19284
19381
19423
19645
19703
19949
19991
