0.09998800054010373
1.1996940531286044e-05
2.560107314916925e-09
3.0718153552081847e-12
3.946396115856952e-11
1.0911521801441705e-12
2.6679330279786762e-11
0.044765468911498414
0.04495995428679902
0.00020537041917950677
9.096733406747129e-07
4.140281056418498e-09
9.091506025549192e-12
2.6393666019020012e-09
9.510345597749251e-11
0.015160755922127908
0.00017807448283646164
0.016763183079039835
0.0003526719807446055
0.007660158168407745
6.240904927787455e-05
5.757290437787367e-07
5.4872853286556165e-09
1.1693738793243392e-08
0.0998589313419057
0.001445076009259388
2.1242266114787847e-05
0.024412979685590166
0.0003878808826497731
6.262595163333911e-06
1.439023999869923e-07
2.485740838627268e-09
4.2301696354559404e-11
2.702865309176281e-13
1.3879151134239175e-12
1.6033447498949172e-06
3.058189435028087e-08
2.926704737694604e-08
5.771422006696908e-10
4.77956355443061e-09
1.0248360444660725e-10
1.4559364911820278e-10
5.820496264024484e-10
3.0197330706943284e-10
0.00014168253767844215
6.840612839428216e-06
1.6280418172152006e-07
3.894265576939297e-09
0.0007225490592687733
1.837495700177511e-05
4.7492783101357444e-07
0.0014349997788674898
0.017030534032849248
0.0004899835674435235
1.454924569849751e-05
4.353364849742662e-07
1.317471781557689e-08
4.335303466000066e-10
1.4658994131433805e-11
1.4687814161814484e-12
1.625887174847107e-06
5.668965814563261e-08
3.0522992803775484e-09
1.1016093304662175e-10
0.040536098545428376
0.0014799950770072725
0.1886292928672292
0.007061952923304646
0.09111248422833582
0.03731276697416203
0.001450832731261691
5.648312024341671e-05
2.2206051949435388e-06
8.742726150926392e-08
3.4488182373549387e-09
0.0002543915775492014
0.00034678694202307925
4.135348766764885e-06
1.684093592757264e-07
6.93783545650652e-09
2.859301415243207e-10
0.03805850155762381
0.0016623863869764332
7.289655637522289e-05
3.210712370896641e-06
1.4248611737038424e-07
6.424959951106191e-09
0.0020279041702371916
9.241914532129555e-05
4.943042729202541e-06
2.304860113290876e-07
0.024469463326837467
0.0011559424103026322
0.0023668939143517446
0.00011630199931211613
5.7475642415545195e-06
0.011650941705833296
0.0005878708680950467
0.001964394619084637
0.00010045669511800747
5.137681255987026e-06
2.769364052898377e-07
6.479246588349726
0.3608603679157242
4.441887036311416
0.25594565330583324
0.014963220338220612
0.000881967857612264
5.1958780741091474e-05
3.087412528093571e-06
1.8345441371521968e-07
0.8196219849594848
0.10877180847826083
0.056157075540061004
0.26435281179368053
0.016710407613431923
2.1308210028278025
3.618302524469733
0.505375696743424
0.03302308034142651
0.002163807745956906
0.00014261600972502296
9.532764246468318e-06
6.40731646483059e-07
4.503759423190428e-08
2.557032777337104e-09
1.761761536497136e-10
1.2158296790535234e-11
2.489848324405159e-10
3.793929499344375e-10
3.3956889632766507
0.2424257083895348
0.017293813976417282
0.0012313006730053412
9.023185816930531e-05
6.615773149399191e-06
4.866339113254066e-07
3.600682191624339e-08
3.3466522156765075
0.25120932984638866
0.018952741924342712
0.0014304865117096828
0.00010919672300345554
8.341373639731582e-06
4.984676865625053e-07
3.814053610352377e-08
2.9400802418596644e-09
2.2757842023070222e-10
2.6062366889865615e-10
4.043113276044769e-09
4.3989591812769205e-08
9.005795672244333e-09
6.85970844527224e-10
5.51453099807574e-11
3.4586368545724694e-08
0.16029684328284002
0.013128445013394033
0.0010780252679406393
8.886034786435345e-05
7.378996230615571e-06
6.153107405003383e-07
5.1476228345533516e-08
4.368053314525297e-09
3.221882746552827e-10
2.3017138906532437e-11
4.696397239254577e-11
4.889139928900292e-09
4.172972837858748e-10
3.5183940783274875e-11
5.499608597451694e-13
2.503419908486506
0.22241329291351564
0.019778856308463218
0.0017859648274997418
1.4957261263934851
0.13632343982106968
0.012438143566049708
0.0011417036140884322
0.0001050309977183004
9.666885764618086e-06
8.912792799799149e-07
8.313117835064971e-08
7.703278071866994e-09
0.31924204277660667
0.029868099139659435
4.028299403997003
3.6395979003532912
0.45177925481558706
0.044020862905841555
0.004298458043005025
0.0004197047546807244
0.6134418716539846
0.18704131217406253
0.036348274492794035
0.5740119443707394
0.4381677540385889
0.04500857449566121
0.004632796807793773
0.00048046581897067623
0.49581656396336143
0.05187967052222826
0.006043110188785009
0.1589858445274747
0.01690780006655684
4.9999379182176575
0.536756503012483
0.05765255250945693
0.006240862285947019
0.0006768287302795365
7.377381557594226e-05
8.090779831734866e-06
8.930046319036672e-07
0.661984358631391
0.07339432614654952
5.4459541546220676
0.6213962565909581
0.07112674706900365
0.0073721124016764466
0.0008555086051908003
0.0015437311865646028
0.00022239422203948063
